./webserv configurations/default.conf
IP : 0.0.0.0 PORT : 80 URL ==> http://0.0.0.0:80
66025
65328
217
65545
65545
65545
65328
217
65545
65545
65545
65545
65545
65545
65545
65545
65545
65545
65545
65545
65545
65545
65545
65545
65545
65545
65545
65545
65545
65545
65545
65545
65545
65545
65545
65545
65545
65545
65545
65545
65545
65545
65545
65545
65545
65545
65545
65545
65545
65545
65545
65545
65545
65545
65545
65545
65545
65545
65545
65545
65545
65545
65545
65545
65545
65545
65328
217
65545
65545
65545
65545
65545
65328
217
65545
65545
65545
65545
65545
65545
65545
65545
65545
65545
65545
65545
65545
65545
65545
65545
65545
65545
65545
65545
65545
65545
65545
65545
65545
65545
65545
65545
65545
65545
65545
65545
65545
65545
65545
65545
65545
65545
65545
65545
65545
65545
65545
65545
65545
65545
65545
65545
65545
65545
65545
65545
65545
65545
65545
65545
65545
65545
65545
65545
65545
65545
65545
65545
65545
65545
65545
65545
65545
65545
65545
65545
65545
65545
65545
65545
65545
65545
65545
65545
65545
65545
65545
65545
65545
65545
65545
65545
65545
65545
65545
65545
65545
65545
65545
65545
65545
65545
65545
65545
65545
65545
65545
65545
65545
65545
65545
65545
65545
65545
65545
65545
65545
65545
65545
65545
65545
65545
65545
65545
65545
65545
65545
65545
65545
65545
65545
65545
65545
65545
65545
65545
65545
65545
65545
65545
65545
65545
65545
65545
65545
65545
65545
65545
65545
65545
65545
65545
65545
65545
65545
65545
65545
65545
65545
65545
65545
65545
65545
65545
65545
65545
65545
65545
65545
65545
65545
65545
65545
65545
65545
65545
65545
65545
65545
65545
65545
65545
65545
65545
65545
65545
65545
65545
65545
65545
65545
65545
65545
65545
65545
65545
65545
65545
65545
65545
65545
65545
65545
65545
65545
65545
65545
65545
65545
65545
65545
65545
65545
65545
65545
65545
65545
65545
65545
65545
65545
65545
65545
65545
65545
65545
65545
65545
65545
65545
65545
65545
65545
65545
65545
65545
65545
65545
65545
65545
65545
65545
65545
65545
65545
65545
65545
65545
65545
65545
65545
65545
65545
65545
65545
65545
65545
65545
65545
65545
65545
65545
65545
65545
65545
65545
65545
65545
65545
65545
65545
65545
65545
65545
65545
65545
65545
65545
65545
65545
65545
65545
65545
65545
65545
65545
65545
65545
65545
65545
65545
65545
65545
65545
65545
65545
65545
65545
65545
65545
65545
65545
65545
65545
65545
65545
65545
65545
65545
65545
65545
65545
65545
65545
65545
65545
65545
65545
65545
65545
65545
65545
65545
65545
65545
65545
65545
65545
65545
65545
65545
65545
65545
65545
65545
65545
65545
65545
65545
65545
65545
65545
65545
65545
65545
65545
65545
65545
65545
65545
65545
65545
65545
65545
65545
65545
65545
65545
65545
65545
65545
65545
65545
65545
65545
65545
65545
65545
65545
65545
65545
65545
65545
65545
65545
65545
65545
65545
65545
65545
65545
65545
65545
65545
65545
65545
65545
65545
65545
65545
65545
65545
65545
65545
65545
65545
65545
65545
65545
65545
65545
65545
65545
65545
65545
65545
65545
47951
192
Sun Mar 10 14:41:15 2024 [WARN]    : Server reloaded
